[new Date(2014,08),19.9805,0.425595,3.6405,24.046595]
,[new Date(2014,09),149.9295,1.27041,9.009,160.20891]
,[new Date(2014,10),296.705,1.55091,14.565,312.82091]
,[new Date(2014,11),434.6645,1.986195,19.9315,456.582195]
,[new Date(2014,12),560.9815,2.902155,25.466,589.349655]
,[new Date(2015,01),657.8715,3.47922,31.008,692.35872]
,[new Date(2015,02),752.411,4.160835,36.013,792.584835]
,[new Date(2015,03),840.3705,4.567305,41.5515,886.489305]
,[new Date(2015,04),936.314,5.186445,46.915,988.415445]
,[new Date(2015,05),1001.3175,5.3907,52.4635,1059.1717]
,[new Date(2015,06),1050.576,5.466945,57.8275,1113.870445]
,[new Date(2015,07),1096.0655,5.623515,63.365,1165.054015]
,[new Date(2015,08),1142.3505,5.86398,68.902,1217.11648]
,[new Date(2015,09),1187.0375,7.60002,74.266,1268.90352]
,[new Date(2015,10),1242.4165,7.67448,79.8135,1329.90448]
,[new Date(2015,11),1296.0125,7.7214,85.176,1388.9099]
,[new Date(2015,12),1355.48,7.79484,90.7165,1453.99134]
,[new Date(2016,01),1410.175,7.888425,96.258,1514.321425]
,[new Date(2016,02),1466.9175,7.949115,101.44,1576.306615]
,[new Date(2016,03),1520.126,8.01363,106.981,1635.12063]
,[new Date(2016,04),1573.701,8.13348,112.345,1694.17948]
,[new Date(2016,05),1628.5415,8.248995,117.8815,1754.671995]
,[new Date(2016,06),1674.5945,8.77506,123.2305,1806.60006]
,[new Date(2016,07),1725.9625,9.246045,128.7475,1863.956045]
,[new Date(2016,08),1769.117,9.62217,134.269,1913.00817]
,[new Date(2016,09),1824.4695,10.727595,139.618,1974.815095]
,[new Date(2016,10),1890.446,11.529315,145.153,2047.128315]
,[new Date(2016,11),1956.329,12.15279,150.514,2118.99579]
,[new Date(2016,12),2033.1325,13.28295,156.0565,2202.47195]
,[new Date(2017,01),2106.8165,14.034435,161.599,2282.449935]
,[new Date(2017,02),2290.161,15.356865,166.6095,2472.127365]
,[new Date(2017,03),2446.6195,16.819035,172.1435,2635.582035]
,[new Date(2017,04),2551.0945,17.87703,177.5005,2746.47203]
,[new Date(2017,05),2672.754,20.349255,183.0465,2876.149755]
,[new Date(2017,06),2796.36,24.456795,188.413,3009.229795]
,[new Date(2017,07),2940.687,27.13557,193.882,3161.70457]
,[new Date(2017,08),3046.494,27.98472,199.424,3273.90272]
,[new Date(2017,09),3139.866,28.915215,204.7875,3373.568715]
,[new Date(2017,10),3219.553,29.461935,210.3375,3459.352435]
,[new Date(2017,11),3289.576,30.06552,215.6975,3535.33902]
,[new Date(2017,12),3373.3795,32.141985,221.242,3626.763485]
,[new Date(2018,01),3465.89,35.70765,226.7845,3728.38215]
,[new Date(2018,02),3542.601,37.362345,231.796,3811.759345]
,[new Date(2018,03),3612.6815,38.445075,237.322,3888.448575]
,[new Date(2018,04),3677.2085,39.37863,242.685,3959.27213]
,[new Date(2018,05),3735.5065,39.917955,248.221,4023.645455]
,[new Date(2018,06),3779.93,40.63629,253.579,4074.14529]
,[new Date(2018,07),3825.88,107.06736,259.1175,4192.06486]
,[new Date(2018,08),3848.125,136.110075,264.6565,4248.891575]
,[new Date(2018,09),3864.818,143.113395,270.02,4277.951395]
,[new Date(2018,10),3885.6905,145.51218,275.5615,4306.76418]
,[new Date(2018,11),3916.9855,149.763285,280.922,4347.670785]
,[new Date(2018,12),3942.775,165.741075,286.458,4394.974075]
,[new Date(2019,01),3968.227,166.49205,292.0005,4426.71955]
,[new Date(2019,02),3981.0275,172.50801,296.999,4450.53451]
,[new Date(2019,03),3994.5675,173.073855,302.5285,4470.169855]
