[new Date(2014,07,11), 140,140]
,[new Date(2014,07,12), 57,197]
,[new Date(2014,07,13), 56,253]
,[new Date(2014,07,14), 39,292]
,[new Date(2014,07,15), 38,330]
,[new Date(2014,07,16), 27,357]
,[new Date(2014,07,17), 28,385]
,[new Date(2014,07,18), 27,412]
,[new Date(2014,07,19), 23,435]
,[new Date(2014,07,20), 21,456]
,[new Date(2014,07,21), 53,509]
,[new Date(2014,07,22), 85,594]
,[new Date(2014,07,23), 65,659]
,[new Date(2014,07,24), 50,709]
,[new Date(2014,07,25), 57,766]
,[new Date(2014,07,26), 49,815]
,[new Date(2014,07,27), 55,870]
,[new Date(2014,07,28), 73,943]
,[new Date(2014,07,29), 61,1004]
,[new Date(2014,07,30), 56,1060]
,[new Date(2014,07,31), 72,1132]
,[new Date(2014,08,01), 75,1207]
,[new Date(2014,08,02), 134,1341]
,[new Date(2014,08,03), 103,1444]
,[new Date(2014,08,04), 134,1578]
,[new Date(2014,08,05), 129,1707]
,[new Date(2014,08,06), 142,1849]
,[new Date(2014,08,07), 253,2102]
,[new Date(2014,08,08), 188,2290]
,[new Date(2014,08,09), 157,2447]
,[new Date(2014,08,10), 115,2562]
,[new Date(2014,08,11), 124,2686]
,[new Date(2014,08,12), 116,2802]
,[new Date(2014,08,13), 83,2885]
,[new Date(2014,08,14), 89,2974]
,[new Date(2014,08,15), 84,3058]
,[new Date(2014,08,16), 97,3155]
,[new Date(2014,08,17), 111,3266]
,[new Date(2014,08,18), 81,3347]
,[new Date(2014,08,19), 42,3389]
,[new Date(2014,08,20), 47,3436]
,[new Date(2014,08,21), 30,3466]
,[new Date(2014,08,22), 60,3526]
,[new Date(2014,08,23), 25,3551]
,[new Date(2014,08,24), 67,3618]
,[new Date(2014,08,25), 39,3657]
,[new Date(2014,08,26), 41,3698]
,[new Date(2014,08,27), 46,3744]
,[new Date(2014,08,28), 50,3794]
,[new Date(2014,08,29), 44,3838]
,[new Date(2014,08,30), 40,3878]
,[new Date(2014,09,01), 52,3930]
,[new Date(2014,09,02), 42,3972]
,[new Date(2014,09,03), 43,4015]
,[new Date(2014,09,04), 37,4052]
,[new Date(2014,09,05), 36,4088]
,[new Date(2014,09,06), 33,4121]
,[new Date(2014,09,07), 23,4144]
,[new Date(2014,09,08), 29,4173]
,[new Date(2014,09,09), 29,4202]
,[new Date(2014,09,10), 23,4225]
,[new Date(2014,09,11), 19,4244]
,[new Date(2014,09,12), 27,4271]
,[new Date(2014,09,13), 22,4293]
,[new Date(2014,09,14), 41,4334]
,[new Date(2014,09,15), 47,4381]
,[new Date(2014,09,16), 27,4408]
,[new Date(2014,09,17), 26,4434]
,[new Date(2014,09,18), 44,4478]
,[new Date(2014,09,19), 12,4490]
,[new Date(2014,09,20), 52,4542]
,[new Date(2014,09,21), 36,4578]
,[new Date(2014,09,22), 30,4608]
,[new Date(2014,09,23), 37,4645]
,[new Date(2014,09,24), 19,4664]
,[new Date(2014,09,25), 15,4679]
,[new Date(2014,09,26), 36,4715]
,[new Date(2014,09,27), 33,4748]
,[new Date(2014,09,28), 36,4784]
,[new Date(2014,09,29), 29,4813]
,[new Date(2014,09,30), 31,4844]
,[new Date(2014,10,01), 8,4852]
,[new Date(2014,10,01), 14,4866]
,[new Date(2014,10,02), 37,4903]
,[new Date(2014,10,03), 12,4915]
,[new Date(2014,10,04), 30,4945]
,[new Date(2014,10,05), 30,4975]
,[new Date(2014,10,06), 27,5002]
,[new Date(2014,10,07), 49,5051]
,[new Date(2014,10,08), 72,5123]
,[new Date(2014,10,09), 23,5146]
,[new Date(2014,10,10), 48,5194]
,[new Date(2014,10,11), 72,5266]
,[new Date(2014,10,12), 70,5336]
,[new Date(2014,10,13), 48,5384]
,[new Date(2014,10,14), 33,5417]
,[new Date(2014,10,15), 30,5447]
,[new Date(2014,10,16), 41,5488]
,[new Date(2014,10,17), 24,5512]
,[new Date(2014,10,18), 77,5589]
,[new Date(2014,10,19), 77,5666]
,[new Date(2014,10,20), 34,5700]
,[new Date(2014,10,21), 44,5744]
,[new Date(2014,10,22), 36,5780]
,[new Date(2014,10,23), 40,5820]
,[new Date(2014,10,24), 41,5861]
,[new Date(2014,10,25), 56,5917]
,[new Date(2014,10,26), 68,5985]
,[new Date(2014,10,27), 96,6081]
,[new Date(2014,10,28), 112,6193]
,[new Date(2014,10,29), 137,6330]
,[new Date(2014,10,30), 152,6482]
,[new Date(2014,11,01), 192,6674]
,[new Date(2014,11,02), 141,6815]
,[new Date(2014,11,03), 156,6971]
,[new Date(2014,11,04), 148,7119]
,[new Date(2014,11,05), 106,7225]
,[new Date(2014,11,06), 146,7371]
,[new Date(2014,11,07), 143,7514]
,[new Date(2014,11,08), 141,7655]
,[new Date(2014,11,09), 122,7777]
,[new Date(2014,11,10), 88,7865]
,[new Date(2014,11,11), 146,8011]
,[new Date(2014,11,12), 134,8145]
,[new Date(2014,11,13), 124,8269]
,[new Date(2014,11,14), 149,8418]
,[new Date(2014,11,15), 132,8550]
,[new Date(2014,11,16), 129,8679]
,[new Date(2014,11,17), 135,8814]
,[new Date(2014,11,18), 102,8916]
,[new Date(2014,11,19), 106,9022]
,[new Date(2014,11,20), 133,9155]
,[new Date(2014,11,21), 101,9256]
,[new Date(2014,11,22), 114,9370]
,[new Date(2014,11,23), 49,9419]
,[new Date(2014,11,24), 83,9502]
,[new Date(2014,11,25), 65,9567]
,[new Date(2014,11,26), 52,9619]
,[new Date(2014,11,27), 33,9652]
,[new Date(2014,11,28), 46,9698]
,[new Date(2014,11,29), 97,9795]
,[new Date(2014,11,30), 99,9894]
,[new Date(2014,12,01), 126,10020]
,[new Date(2014,12,01), 107,10127]
,[new Date(2014,12,02), 123,10250]
,[new Date(2014,12,03), 171,10421]
,[new Date(2014,12,04), 85,10506]
,[new Date(2014,12,05), 86,10592]
,[new Date(2014,12,06), 70,10662]
,[new Date(2014,12,07), 70,10732]
,[new Date(2014,12,08), 58,10790]
,[new Date(2014,12,09), 51,10841]
,[new Date(2014,12,10), 133,10974]
,[new Date(2014,12,11), 77,11051]
,[new Date(2014,12,12), 53,11104]
,[new Date(2014,12,13), 33,11137]
,[new Date(2014,12,14), 56,11193]
,[new Date(2014,12,15), 31,11224]
,[new Date(2014,12,16), 118,11342]
,[new Date(2014,12,17), 50,11392]
,[new Date(2014,12,18), 54,11446]
,[new Date(2014,12,19), 92,11538]
,[new Date(2014,12,20), 68,11606]
,[new Date(2014,12,21), 49,11655]
,[new Date(2014,12,22), 53,11708]
,[new Date(2014,12,23), 67,11775]
,[new Date(2014,12,24), 96,11871]
,[new Date(2014,12,25), 30,11901]
,[new Date(2014,12,26), 24,11925]
,[new Date(2014,12,27), 73,11998]
,[new Date(2014,12,28), 68,12066]
,[new Date(2014,12,29), 45,12111]
,[new Date(2014,12,30), 45,12156]
,[new Date(2014,12,31), 70,12226]
,[new Date(2015,01,01), 46,12272]
,[new Date(2015,01,02), 158,12430]
,[new Date(2015,01,03), 201,12631]
,[new Date(2015,01,04), 66,12697]
,[new Date(2015,01,05), 251,12948]
,[new Date(2015,01,06), 184,13132]
,[new Date(2015,01,07), 111,13243]
,[new Date(2015,01,08), 110,13353]
,[new Date(2015,01,09), 48,13401]
,[new Date(2015,01,10), 40,13441]
,[new Date(2015,01,11), 85,13526]
,[new Date(2015,01,12), 99,13625]
,[new Date(2015,01,13), 68,13693]
,[new Date(2015,01,14), 58,13751]
,[new Date(2015,01,15), 83,13834]
,[new Date(2015,01,16), 90,13924]
,[new Date(2015,01,17), 65,13989]
,[new Date(2015,01,18), 44,14033]
,[new Date(2015,01,19), 61,14094]
,[new Date(2015,01,20), 48,14142]
,[new Date(2015,01,21), 57,14199]
,[new Date(2015,01,22), 39,14238]
,[new Date(2015,01,23), 91,14329]
,[new Date(2015,01,24), 99,14428]
,[new Date(2015,01,25), 241,14669]
,[new Date(2015,01,26), 53,14722]
,[new Date(2015,01,27), 42,14764]
,[new Date(2015,01,28), 50,14814]
,[new Date(2015,02,01), 231,15045]
,[new Date(2015,02,02), 41,15086]
,[new Date(2015,02,03), 140,15226]
,[new Date(2015,02,04), 58,15284]
,[new Date(2015,02,05), 28,15312]
,[new Date(2015,02,06), 30,15342]
,[new Date(2015,02,07), 23,15365]
,[new Date(2015,02,08), 27,15392]
,[new Date(2015,02,09), 22,15414]
,[new Date(2015,02,10), 34,15448]
,[new Date(2015,02,11), 37,15485]
,[new Date(2015,02,12), 35,15520]
,[new Date(2015,02,13), 49,15569]
,[new Date(2015,02,14), 26,15595]
,[new Date(2015,02,15), 29,15624]
,[new Date(2015,02,16), 31,15655]
,[new Date(2015,02,17), 31,15686]
,[new Date(2015,02,18), 32,15718]
,[new Date(2015,02,19), 49,15767]
,[new Date(2015,02,20), 74,15841]
,[new Date(2015,02,21), 93,15934]
,[new Date(2015,02,22), 83,16017]
,[new Date(2015,02,23), 77,16094]
,[new Date(2015,02,24), 30,16124]
,[new Date(2015,02,25), 26,16150]
,[new Date(2015,02,26), 39,16189]
,[new Date(2015,02,27), 32,16221]
,[new Date(2015,02,28), 32,16253]
,[new Date(2015,03,01), 50,16303]
,[new Date(2015,03,02), 24,16327]
,[new Date(2015,03,03), 29,16356]
,[new Date(2015,03,01), 27,16383]
,[new Date(2015,03,02), 36,16419]
,[new Date(2015,03,03), 28,16447]
,[new Date(2015,03,04), 25,16472]
,[new Date(2015,03,05), 12,16484]
,[new Date(2015,03,06), 11,16495]
,[new Date(2015,03,07), 26,16521]
,[new Date(2015,03,08), 27,16548]
,[new Date(2015,03,09), 19,16567]
,[new Date(2015,03,10), 21,16588]
,[new Date(2015,03,11), 22,16610]
,[new Date(2015,03,12), 12,16622]
,[new Date(2015,03,13), 26,16648]
,[new Date(2015,03,14), 14,16662]
,[new Date(2015,03,15), 19,16681]
,[new Date(2015,03,16), 16,16697]
,[new Date(2015,03,17), 16,16713]
,[new Date(2015,03,18), 11,16724]
,[new Date(2015,03,19), 20,16744]
,[new Date(2015,03,20), 11,16755]
,[new Date(2015,03,21), 17,16772]
,[new Date(2015,03,22), 16,16788]
,[new Date(2015,03,23), 15,16803]
,[new Date(2015,03,24), 16,16819]
,[new Date(2015,03,25), 8,16827]
,[new Date(2015,03,26), 6,16833]
,[new Date(2015,03,27), 8,16841]
,[new Date(2015,03,28), 18,16859]
,[new Date(2015,03,29), 12,16871]
,[new Date(2015,03,30), 14,16885]
,[new Date(2015,04,01), 11,16896]
,[new Date(2015,04,02), 14,16910]
,[new Date(2015,04,03), 15,16925]
,[new Date(2015,04,04), 11,16936]
,[new Date(2015,04,05), 15,16951]
,[new Date(2015,04,06), 19,16970]
,[new Date(2015,04,07), 17,16987]
,[new Date(2015,04,08), 7,16994]
,[new Date(2015,04,09), 8,17002]
,[new Date(2015,04,10), 23,17025]
,[new Date(2015,04,11), 36,17061]
,[new Date(2015,04,12), 10,17071]
,[new Date(2015,04,13), 9,17080]
,[new Date(2015,04,14), 10,17090]
,[new Date(2015,04,15), 13,17103]
,[new Date(2015,04,16), 9,17112]
,[new Date(2015,04,17), 65,17177]
,[new Date(2015,04,18), 10,17187]
,[new Date(2015,04,19), 10,17197]
,[new Date(2015,04,20), 9,17206]
,[new Date(2015,04,21), 9,17215]
,[new Date(2015,04,22), 18,17233]
,[new Date(2015,04,23), 5,17238]
,[new Date(2015,04,24), 11,17249]
,[new Date(2015,04,25), 10,17259]
,[new Date(2015,04,26), 17,17276]
,[new Date(2015,04,27), 9,17285]
,[new Date(2015,04,28), 17,17302]
,[new Date(2015,04,29), 11,17313]
,[new Date(2015,04,30), 10,17323]
,[new Date(2015,05,01), 6,17329]
,[new Date(2015,05,01), 9,17338]
,[new Date(2015,05,02), 8,17346]
,[new Date(2015,05,03), 12,17358]
,[new Date(2015,05,04), 19,17377]
,[new Date(2015,05,05), 7,17384]
,[new Date(2015,05,06), 3,17387]
,[new Date(2015,05,07), 7,17394]
,[new Date(2015,05,08), 6,17400]
,[new Date(2015,05,09), 11,17411]
,[new Date(2015,05,10), 7,17418]
,[new Date(2015,05,11), 7,17425]
,[new Date(2015,05,12), 9,17434]
,[new Date(2015,05,13), 9,17443]
,[new Date(2015,05,14), 7,17450]
,[new Date(2015,05,15), 4,17454]
,[new Date(2015,05,16), 8,17462]
,[new Date(2015,05,17), 9,17471]
,[new Date(2015,05,18), 12,17483]
,[new Date(2015,05,19), 5,17488]
,[new Date(2015,05,20), 9,17497]
,[new Date(2015,05,21), 13,17510]
,[new Date(2015,05,22), 9,17519]
,[new Date(2015,05,23), 8,17527]
,[new Date(2015,05,24), 3,17530]
,[new Date(2015,05,25), 11,17541]
,[new Date(2015,05,26), 6,17547]
,[new Date(2015,05,27), 15,17562]
,[new Date(2015,05,28), 4,17566]
,[new Date(2015,05,29), 4,17570]
,[new Date(2015,05,30), 7,17577]
,[new Date(2015,06,01), 9,17586]
,[new Date(2015,06,02), 0,17586]
,[new Date(2015,06,03), 5,17591]
,[new Date(2015,06,04), 4,17595]
,[new Date(2015,06,05), 5,17600]
,[new Date(2015,06,06), 7,17607]
,[new Date(2015,06,07), 13,17620]
,[new Date(2015,06,08), 17,17637]
,[new Date(2015,06,09), 6,17643]
,[new Date(2015,06,10), 7,17650]
,[new Date(2015,06,11), 9,17659]
,[new Date(2015,06,12), 8,17667]
,[new Date(2015,06,13), 5,17672]
,[new Date(2015,06,14), 6,17678]
,[new Date(2015,06,15), 1,17679]
,[new Date(2015,06,16), 7,17686]
,[new Date(2015,06,17), 9,17695]
,[new Date(2015,06,18), 11,17706]
,[new Date(2015,06,19), 3,17709]
,[new Date(2015,06,20), 10,17719]
,[new Date(2015,06,21), 7,17726]
,[new Date(2015,06,22), 21,17747]
,[new Date(2015,06,23), 7,17754]
,[new Date(2015,06,24), 5,17759]
,[new Date(2015,06,25), 8,17767]
,[new Date(2015,06,26), 11,17778]
,[new Date(2015,06,27), 5,17783]
,[new Date(2015,06,28), 16,17799]
,[new Date(2015,06,29), 9,17808]
,[new Date(2015,06,30), 11,17819]
,[new Date(2015,07,01), 14,17833]
,[new Date(2015,07,01), 10,17843]
,[new Date(2015,07,02), 13,17856]
,[new Date(2015,07,03), 2,17858]
,[new Date(2015,07,04), 6,17864]
,[new Date(2015,07,05), 4,17868]
,[new Date(2015,07,06), 6,17874]
,[new Date(2015,07,07), 3,17877]
,[new Date(2015,07,08), 5,17882]
,[new Date(2015,07,09), 5,17887]
,[new Date(2015,07,10), 9,17896]
,[new Date(2015,07,11), 7,17903]
,[new Date(2015,07,12), 4,17907]
,[new Date(2015,07,13), 5,17912]
,[new Date(2015,07,14), 2,17914]
,[new Date(2015,07,15), 7,17921]
,[new Date(2015,07,16), 2,17923]
,[new Date(2015,07,17), 3,17926]
,[new Date(2015,07,18), 4,17930]
,[new Date(2015,07,19), 10,17940]
,[new Date(2015,07,20), 3,17943]
,[new Date(2015,07,21), 8,17951]
,[new Date(2015,07,22), 14,17965]
,[new Date(2015,07,23), 5,17970]
,[new Date(2015,07,24), 5,17975]
,[new Date(2015,07,25), 10,17985]
,[new Date(2015,07,26), 4,17989]
,[new Date(2015,07,27), 3,17992]
,[new Date(2015,07,28), 5,17997]
,[new Date(2015,07,29), 2,17999]
,[new Date(2015,07,30), 2,18001]
,[new Date(2015,07,31), 5,18006]
,[new Date(2015,08,01), 7,18013]
,[new Date(2015,08,02), 5,18018]
,[new Date(2015,08,03), 8,18026]
,[new Date(2015,08,04), 5,18031]
,[new Date(2015,08,05), 7,18038]
,[new Date(2015,08,06), 1,18039]
,[new Date(2015,08,07), 7,18046]
,[new Date(2015,08,08), 12,18058]
,[new Date(2015,08,09), 5,18063]
,[new Date(2015,08,10), 6,18069]
,[new Date(2015,08,11), 4,18073]
,[new Date(2015,08,12), 6,18079]
,[new Date(2015,08,13), 5,18084]
,[new Date(2015,08,14), 2,18086]
,[new Date(2015,08,15), 9,18095]
,[new Date(2015,08,16), 8,18103]
,[new Date(2015,08,17), 5,18108]
,[new Date(2015,08,18), 3,18111]
,[new Date(2015,08,19), 3,18114]
,[new Date(2015,08,20), 4,18118]
,[new Date(2015,08,21), 2,18120]
,[new Date(2015,08,22), 4,18124]
,[new Date(2015,08,23), 12,18136]
,[new Date(2015,08,24), 10,18146]
,[new Date(2015,08,25), 2,18148]
,[new Date(2015,08,26), 8,18156]
,[new Date(2015,08,27), 2,18158]
,[new Date(2015,08,28), 3,18161]
,[new Date(2015,08,29), 11,18172]
,[new Date(2015,08,30), 4,18176]
,[new Date(2015,09,01), 14,18190]
,[new Date(2015,09,02), 10,18200]
,[new Date(2015,09,03), 2,18202]
,[new Date(2015,09,04), 3,18205]
,[new Date(2015,09,05), 3,18208]
,[new Date(2015,09,06), 6,18214]
,[new Date(2015,09,07), 5,18219]
,[new Date(2015,09,08), 8,18227]
,[new Date(2015,09,09), 6,18233]
,[new Date(2015,09,10), 6,18239]
,[new Date(2015,09,11), 6,18245]
,[new Date(2015,09,12), 5,18250]
,[new Date(2015,09,13), 8,18258]
,[new Date(2015,09,14), 6,18264]
,[new Date(2015,09,15), 5,18269]
,[new Date(2015,09,16), 0,18269]
,[new Date(2015,09,17), 7,18276]
,[new Date(2015,09,18), 2,18278]
,[new Date(2015,09,19), 2,18280]
,[new Date(2015,09,20), 4,18284]
,[new Date(2015,09,21), 2,18286]
,[new Date(2015,09,22), 5,18291]
,[new Date(2015,09,23), 3,18294]
,[new Date(2015,09,24), 5,18299]
,[new Date(2015,09,25), 6,18305]
,[new Date(2015,09,26), 4,18309]
,[new Date(2015,09,27), 3,18312]
,[new Date(2015,09,28), 3,18315]
,[new Date(2015,09,29), 2,18317]
,[new Date(2015,09,30), 7,18324]
,[new Date(2015,10,01), 4,18328]
,[new Date(2015,10,01), 3,18331]
,[new Date(2015,10,02), 7,18338]
,[new Date(2015,10,03), 3,18341]
,[new Date(2015,10,04), 3,18344]
,[new Date(2015,10,05), 3,18347]
,[new Date(2015,10,06), 8,18355]
,[new Date(2015,10,07), 5,18360]
,[new Date(2015,10,08), 0,18360]
,[new Date(2015,10,09), 2,18362]
,[new Date(2015,10,10), 3,18365]
,[new Date(2015,10,11), 6,18371]
,[new Date(2015,10,12), 3,18374]
,[new Date(2015,10,13), 2,18376]
,[new Date(2015,10,14), 9,18385]
,[new Date(2015,10,15), 10,18395]
,[new Date(2015,10,16), 10,18405]
,[new Date(2015,10,17), 8,18413]
,[new Date(2015,10,18), 6,18419]
,[new Date(2015,10,19), 5,18424]
,[new Date(2015,10,20), 12,18436]
,[new Date(2015,10,21), 1,18437]
,[new Date(2015,10,22), 7,18444]
,[new Date(2015,10,23), 5,18449]
,[new Date(2015,10,24), 4,18453]
,[new Date(2015,10,25), 8,18461]
,[new Date(2015,10,26), 7,18468]
,[new Date(2015,10,27), 2,18470]
,[new Date(2015,10,28), 4,18474]
,[new Date(2015,10,29), 10,18484]
,[new Date(2015,10,30), 6,18490]
,[new Date(2015,11,01), 10,18500]
,[new Date(2015,11,02), 9,18509]
,[new Date(2015,11,03), 7,18516]
,[new Date(2015,11,04), 3,18519]
,[new Date(2015,11,05), 3,18522]
,[new Date(2015,11,06), 2,18524]
,[new Date(2015,11,07), 3,18527]
,[new Date(2015,11,08), 6,18533]
,[new Date(2015,11,09), 7,18540]
,[new Date(2015,11,10), 2,18542]
,[new Date(2015,11,11), 10,18552]
,[new Date(2015,11,12), 2,18554]
,[new Date(2015,11,13), 8,18562]
,[new Date(2015,11,14), 4,18566]
,[new Date(2015,11,15), 3,18569]
,[new Date(2015,11,16), 16,18585]
,[new Date(2015,11,17), 7,18592]
,[new Date(2015,11,18), 5,18597]
,[new Date(2015,11,19), 24,18621]
,[new Date(2015,11,20), 3,18624]
,[new Date(2015,11,21), 2,18626]
,[new Date(2015,11,22), 8,18634]
,[new Date(2015,11,23), 4,18638]
,[new Date(2015,11,24), 6,18644]
,[new Date(2015,11,25), 6,18650]
,[new Date(2015,11,26), 7,18657]
,[new Date(2015,11,27), 3,18660]
,[new Date(2015,11,28), 4,18664]
,[new Date(2015,11,29), 2,18666]
,[new Date(2015,11,30), 4,18670]
,[new Date(2015,12,01), 6,18676]
,[new Date(2015,12,01), 6,18682]
,[new Date(2015,12,02), 1,18683]
,[new Date(2015,12,03), 1,18684]
,[new Date(2015,12,04), 2,18686]
,[new Date(2015,12,05), 0,18686]
,[new Date(2015,12,06), 1,18687]
,[new Date(2015,12,07), 3,18690]
,[new Date(2015,12,08), 5,18695]
,[new Date(2015,12,09), 6,18701]
,[new Date(2015,12,10), 5,18706]
,[new Date(2015,12,11), 2,18708]
,[new Date(2015,12,12), 7,18715]
,[new Date(2015,12,13), 11,18726]
,[new Date(2015,12,14), 1,18727]
,[new Date(2015,12,15), 7,18734]
,[new Date(2015,12,16), 3,18737]
,[new Date(2015,12,17), 6,18743]
,[new Date(2015,12,18), 28,18771]
,[new Date(2015,12,19), 4,18775]
,[new Date(2015,12,20), 10,18785]
,[new Date(2015,12,21), 10,18795]
,[new Date(2015,12,22), 5,18800]
,[new Date(2015,12,23), 1,18801]
,[new Date(2015,12,24), 16,18817]
,[new Date(2015,12,25), 9,18826]
,[new Date(2015,12,26), 1,18827]
,[new Date(2015,12,27), 7,18834]
,[new Date(2015,12,28), 8,18842]
,[new Date(2015,12,29), 9,18851]
,[new Date(2015,12,30), 1,18852]
,[new Date(2015,12,31), 5,18857]
,[new Date(2016,01,01), 5,18862]
,[new Date(2016,01,02), 8,18870]
,[new Date(2016,01,03), 8,18878]
,[new Date(2016,01,04), 3,18881]
,[new Date(2016,01,05), 3,18884]
,[new Date(2016,01,06), 7,18891]
,[new Date(2016,01,07), 7,18898]
,[new Date(2016,01,08), 10,18908]
,[new Date(2016,01,09), 4,18912]
,[new Date(2016,01,10), 5,18917]
,[new Date(2016,01,11), 5,18922]
,[new Date(2016,01,12), 4,18926]
,[new Date(2016,01,13), 8,18934]
,[new Date(2016,01,14), 11,18945]
,[new Date(2016,01,15), 6,18951]
,[new Date(2016,01,16), 8,18959]
,[new Date(2016,01,17), 16,18975]
,[new Date(2016,01,18), 8,18983]
,[new Date(2016,01,19), 2,18985]
,[new Date(2016,01,20), 4,18989]
,[new Date(2016,01,21), 10,18999]
,[new Date(2016,01,22), 5,19004]
,[new Date(2016,01,23), 7,19011]
,[new Date(2016,01,24), 16,19027]
,[new Date(2016,01,25), 2,19029]
,[new Date(2016,01,26), 9,19038]
,[new Date(2016,01,27), 3,19041]
,[new Date(2016,01,28), 5,19046]
,[new Date(2016,01,29), 8,19054]
,[new Date(2016,02,01), 3,19057]
,[new Date(2016,02,02), 5,19062]
,[new Date(2016,02,03), 6,19068]
,[new Date(2016,02,04), 6,19074]
,[new Date(2016,02,05), 13,19087]
,[new Date(2016,02,06), 10,19097]
,[new Date(2016,02,07), 3,19100]
,[new Date(2016,02,08), 5,19105]
,[new Date(2016,02,09), 5,19110]
,[new Date(2016,02,10), 3,19113]
,[new Date(2016,02,11), 4,19117]
,[new Date(2016,02,12), 5,19122]
,[new Date(2016,02,13), 2,19124]
,[new Date(2016,02,14), 4,19128]
,[new Date(2016,02,15), 1,19129]
,[new Date(2016,02,16), 39,19168]
,[new Date(2016,02,17), 1,19169]
,[new Date(2016,02,18), 4,19173]
,[new Date(2016,02,19), 8,19181]
,[new Date(2016,02,20), 7,19188]
,[new Date(2016,02,21), 5,19193]
,[new Date(2016,02,22), 6,19199]
,[new Date(2016,02,23), 6,19205]
,[new Date(2016,02,24), 6,19211]
,[new Date(2016,02,25), 2,19213]
,[new Date(2016,02,26), 5,19218]
,[new Date(2016,02,27), 0,19218]
,[new Date(2016,02,28), 9,19227]
,[new Date(2016,02,29), 4,19231]
,[new Date(2016,03,01), 6,19237]
,[new Date(2016,03,02), 7,19244]
,[new Date(2016,03,01), 6,19250]
,[new Date(2016,03,02), 8,19258]
,[new Date(2016,03,03), 6,19264]
,[new Date(2016,03,04), 8,19272]
,[new Date(2016,03,05), 11,19283]
,[new Date(2016,03,06), 24,19307]
,[new Date(2016,03,07), 12,19319]
,[new Date(2016,03,08), 14,19333]
,[new Date(2016,03,09), 6,19339]
,[new Date(2016,03,10), 7,19346]
,[new Date(2016,03,11), 23,19369]
,[new Date(2016,03,12), 14,19383]
,[new Date(2016,03,13), 15,19398]
,[new Date(2016,03,14), 15,19413]
,[new Date(2016,03,15), 11,19424]
,[new Date(2016,03,16), 4,19428]
,[new Date(2016,03,17), 2,19430]
,[new Date(2016,03,18), 22,19452]
,[new Date(2016,03,19), 2,19454]
,[new Date(2016,03,20), 8,19462]
,[new Date(2016,03,21), 11,19473]
,[new Date(2016,03,22), 11,19484]
,[new Date(2016,03,23), 3,19487]
,[new Date(2016,03,24), 2,19489]
,[new Date(2016,03,25), 4,19493]
,[new Date(2016,03,26), 5,19498]
,[new Date(2016,03,27), 7,19505]
,[new Date(2016,03,28), 2,19507]
,[new Date(2016,03,29), 20,19527]
,[new Date(2016,03,30), 4,19531]
,[new Date(2016,04,01), 3,19534]
,[new Date(2016,04,02), 15,19549]
,[new Date(2016,04,03), 7,19556]
,[new Date(2016,04,04), 5,19561]
,[new Date(2016,04,05), 4,19565]
,[new Date(2016,04,06), 8,19573]
,[new Date(2016,04,07), 5,19578]
,[new Date(2016,04,08), 3,19581]
,[new Date(2016,04,09), 9,19590]
,[new Date(2016,04,10), 7,19597]
,[new Date(2016,04,11), 2,19599]
,[new Date(2016,04,12), 12,19611]
,[new Date(2016,04,13), 5,19616]
,[new Date(2016,04,14), 0,19616]
,[new Date(2016,04,15), 6,19622]
,[new Date(2016,04,16), 6,19628]
,[new Date(2016,04,17), 2,19630]
,[new Date(2016,04,18), 7,19637]
,[new Date(2016,04,19), 9,19646]
,[new Date(2016,04,20), 5,19651]
,[new Date(2016,04,21), 6,19657]
,[new Date(2016,04,22), 29,19686]
,[new Date(2016,04,23), 16,19702]
,[new Date(2016,04,24), 4,19706]
,[new Date(2016,04,25), 33,19739]
,[new Date(2016,04,26), 4,19743]
,[new Date(2016,04,27), 3,19746]
,[new Date(2016,04,28), 6,19752]
,[new Date(2016,04,29), 32,19784]
,[new Date(2016,04,30), 26,19810]
,[new Date(2016,05,01), 19,19829]
,[new Date(2016,05,01), 20,19849]
,[new Date(2016,05,02), 16,19865]
,[new Date(2016,05,03), 20,19885]
,[new Date(2016,05,04), 23,19908]
,[new Date(2016,05,05), 70,19978]
,[new Date(2016,05,06), 59,20037]
,[new Date(2016,05,07), 22,20059]
,[new Date(2016,05,08), 22,20081]
,[new Date(2016,05,09), 131,20212]
,[new Date(2016,05,10), 40,20252]
,[new Date(2016,05,11), 34,20286]
,[new Date(2016,05,12), 41,20327]
,[new Date(2016,05,13), 48,20375]
,[new Date(2016,05,14), 52,20427]
,[new Date(2016,05,15), 141,20568]
,[new Date(2016,05,16), 58,20626]
,[new Date(2016,05,17), 167,20793]
,[new Date(2016,05,18), 59,20852]
,[new Date(2016,05,19), 39,20891]
,[new Date(2016,05,20), 48,20939]
,[new Date(2016,05,21), 68,21007]
,[new Date(2016,05,22), 41,21048]
,[new Date(2016,05,23), 30,21078]
,[new Date(2016,05,24), 34,21112]
,[new Date(2016,05,25), 49,21161]
,[new Date(2016,05,26), 44,21205]
,[new Date(2016,05,27), 57,21262]
,[new Date(2016,05,28), 46,21308]
,[new Date(2016,05,29), 52,21360]
,[new Date(2016,05,30), 52,21412]
,[new Date(2016,06,01), 61,21473]
,[new Date(2016,06,02), 45,21518]
,[new Date(2016,06,03), 46,21564]
,[new Date(2016,06,04), 35,21599]
,[new Date(2016,06,05), 68,21667]
,[new Date(2016,06,06), 89,21756]
,[new Date(2016,06,07), 81,21837]
,[new Date(2016,06,08), 45,21882]
,[new Date(2016,06,09), 37,21919]
,[new Date(2016,06,10), 59,21978]
,[new Date(2016,06,11), 59,22037]
,[new Date(2016,06,12), 55,22092]
,[new Date(2016,06,13), 34,22126]
,[new Date(2016,06,14), 38,22164]
,[new Date(2016,06,15), 40,22204]
,[new Date(2016,06,16), 37,22241]
,[new Date(2016,06,17), 39,22280]
,[new Date(2016,06,18), 35,22315]
,[new Date(2016,06,19), 36,22351]
,[new Date(2016,06,20), 40,22391]
,[new Date(2016,06,21), 29,22420]
,[new Date(2016,06,22), 41,22461]
,[new Date(2016,06,23), 32,22493]
,[new Date(2016,06,24), 38,22531]
,[new Date(2016,06,25), 44,22575]
,[new Date(2016,06,26), 34,22609]
,[new Date(2016,06,27), 22,22631]
,[new Date(2016,06,28), 37,22668]
,[new Date(2016,06,29), 41,22709]
,[new Date(2016,06,30), 32,22741]
,[new Date(2016,07,01), 60,22801]
,[new Date(2016,07,01), 37,22838]
,[new Date(2016,07,02), 38,22876]
,[new Date(2016,07,03), 18,22894]
,[new Date(2016,07,04), 34,22928]
,[new Date(2016,07,05), 35,22963]
,[new Date(2016,07,06), 29,22992]
,[new Date(2016,07,07), 24,23016]
,[new Date(2016,07,08), 43,23059]
,[new Date(2016,07,09), 48,23107]
,[new Date(2016,07,10), 49,23156]
,[new Date(2016,07,11), 34,23190]
,[new Date(2016,07,12), 32,23222]
,[new Date(2016,07,13), 23,23245]
,[new Date(2016,07,14), 23,23268]
,[new Date(2016,07,15), 30,23298]
,[new Date(2016,07,16), 36,23334]
,[new Date(2016,07,17), 36,23370]
,[new Date(2016,07,18), 44,23414]
,[new Date(2016,07,19), 61,23475]
,[new Date(2016,07,20), 54,23529]
,[new Date(2016,07,21), 63,23592]
,[new Date(2016,07,22), 28,23620]
,[new Date(2016,07,23), 25,23645]
,[new Date(2016,07,24), 38,23683]
,[new Date(2016,07,25), 21,23704]
,[new Date(2016,07,26), 33,23737]
,[new Date(2016,07,27), 36,23773]
,[new Date(2016,07,28), 51,23824]
,[new Date(2016,07,29), 76,23900]
,[new Date(2016,07,30), 43,23943]
,[new Date(2016,07,31), 50,23993]
,[new Date(2016,08,01), 42,24035]
,[new Date(2016,08,02), 38,24073]
,[new Date(2016,08,03), 41,24114]
,[new Date(2016,08,04), 35,24149]
,[new Date(2016,08,05), 53,24202]
,[new Date(2016,08,06), 25,24227]
,[new Date(2016,08,07), 18,24245]
,[new Date(2016,08,08), 32,24277]
,[new Date(2016,08,09), 38,24315]
,[new Date(2016,08,10), 118,24433]
,[new Date(2016,08,11), 42,24475]
,[new Date(2016,08,12), 43,24518]
,[new Date(2016,08,13), 169,24687]
,[new Date(2016,08,14), 192,24879]
,[new Date(2016,08,15), 118,24997]
,[new Date(2016,08,16), 86,25083]
,[new Date(2016,08,17), 97,25180]
,[new Date(2016,08,18), 291,25471]
,[new Date(2016,08,19), 262,25733]
,[new Date(2016,08,20), 165,25898]
,[new Date(2016,08,21), 408,26306]
,[new Date(2016,08,22), 171,26477]
,[new Date(2016,08,23), 254,26731]
,[new Date(2016,08,24), 236,26967]
,[new Date(2016,08,25), 190,27157]
,[new Date(2016,08,26), 153,27310]
,[new Date(2016,08,27), 90,27400]
,[new Date(2016,08,28), 71,27471]
,[new Date(2016,08,29), 60,27531]
,[new Date(2016,08,30), 27,27558]
,[new Date(2016,09,01), 55,27613]
,[new Date(2016,09,02), 54,27667]
,[new Date(2016,09,03), 43,27710]
,[new Date(2016,09,04), 74,27784]
,[new Date(2016,09,05), 59,27843]
,[new Date(2016,09,06), 66,27909]
,[new Date(2016,09,07), 61,27970]
,[new Date(2016,09,08), 127,28097]
,[new Date(2016,09,09), 93,28190]
,[new Date(2016,09,10), 86,28276]
,[new Date(2016,09,11), 146,28422]
,[new Date(2016,09,12), 82,28504]
,[new Date(2016,09,13), 140,28644]
,[new Date(2016,09,14), 112,28756]
,[new Date(2016,09,15), 237,28993]
,[new Date(2016,09,16), 81,29074]
,[new Date(2016,09,17), 106,29180]
,[new Date(2016,09,18), 80,29260]
,[new Date(2016,09,19), 75,29335]
,[new Date(2016,09,20), 55,29390]
,[new Date(2016,09,21), 79,29469]
,[new Date(2016,09,22), 72,29541]
,[new Date(2016,09,23), 75,29616]
,[new Date(2016,09,24), 73,29689]
,[new Date(2016,09,25), 67,29756]
,[new Date(2016,09,26), 48,29804]
,[new Date(2016,09,27), 69,29873]
,[new Date(2016,09,28), 80,29953]
,[new Date(2016,09,29), 57,30010]
,[new Date(2016,09,30), 53,30063]
,[new Date(2016,10,01), 62,30125]
,[new Date(2016,10,01), 66,30191]
,[new Date(2016,10,02), 73,30264]
,[new Date(2016,10,03), 58,30322]
,[new Date(2016,10,04), 44,30366]
,[new Date(2016,10,05), 51,30417]
,[new Date(2016,10,06), 60,30477]
,[new Date(2016,10,07), 54,30531]
,[new Date(2016,10,08), 59,30590]
,[new Date(2016,10,09), 37,30627]
,[new Date(2016,10,10), 37,30664]
,[new Date(2016,10,11), 32,30696]
,[new Date(2016,10,12), 40,30736]
,[new Date(2016,10,13), 54,30790]
,[new Date(2016,10,14), 107,30897]
,[new Date(2016,10,15), 41,30938]
,[new Date(2016,10,16), 79,31017]
,[new Date(2016,10,17), 51,31068]
,[new Date(2016,10,18), 89,31157]
,[new Date(2016,10,19), 110,31267]
,[new Date(2016,10,20), 151,31418]
,[new Date(2016,10,21), 38,31456]
,[new Date(2016,10,22), 37,31493]
,[new Date(2016,10,23), 33,31526]
,[new Date(2016,10,24), 43,31569]
,[new Date(2016,10,25), 43,31612]
,[new Date(2016,10,26), 40,31652]
,[new Date(2016,10,27), 88,31740]
,[new Date(2016,10,28), 126,31866]
,[new Date(2016,10,29), 78,31944]
,[new Date(2016,10,30), 59,32003]
,[new Date(2016,11,01), 149,32152]
,[new Date(2016,11,02), 112,32264]
,[new Date(2016,11,03), 141,32405]
,[new Date(2016,11,04), 151,32556]
,[new Date(2016,11,05), 163,32719]
,[new Date(2016,11,06), 97,32816]
,[new Date(2016,11,07), 102,32918]
,[new Date(2016,11,08), 98,33016]
,[new Date(2016,11,09), 65,33081]
,[new Date(2016,11,10), 122,33203]
,[new Date(2016,11,11), 76,33279]
,[new Date(2016,11,12), 51,33330]
,[new Date(2016,11,13), 85,33415]
,[new Date(2016,11,14), 110,33525]
,[new Date(2016,11,15), 126,33651]
,[new Date(2016,11,16), 145,33796]
,[new Date(2016,11,17), 186,33982]
,[new Date(2016,11,18), 107,34089]
,[new Date(2016,11,19), 138,34227]
,[new Date(2016,11,20), 165,34392]
,[new Date(2016,11,21), 179,34571]
,[new Date(2016,11,22), 151,34722]
,[new Date(2016,11,23), 151,34873]
,[new Date(2016,11,24), 95,34968]
,[new Date(2016,11,25), 75,35043]
,[new Date(2016,11,26), 153,35196]
,[new Date(2016,11,27), 77,35273]
,[new Date(2016,11,28), 113,35386]
,[new Date(2016,11,29), 101,35487]
,[new Date(2016,11,30), 194,35681]
,[new Date(2016,12,01), 72,35753]
,[new Date(2016,12,01), 50,35803]
,[new Date(2016,12,02), 132,35935]
,[new Date(2016,12,03), 60,35995]
,[new Date(2016,12,04), 105,36100]
,[new Date(2016,12,05), 203,36303]
,[new Date(2016,12,06), 99,36402]
,[new Date(2016,12,07), 71,36473]
,[new Date(2016,12,08), 100,36573]
,[new Date(2016,12,09), 135,36708]
,[new Date(2016,12,10), 59,36767]
,[new Date(2016,12,11), 155,36922]
,[new Date(2016,12,12), 55,36977]
,[new Date(2016,12,13), 49,37026]
,[new Date(2016,12,14), 135,37161]
,[new Date(2016,12,15), 88,37249]
,[new Date(2016,12,16), 56,37305]
,[new Date(2016,12,17), 52,37357]
,[new Date(2016,12,18), 59,37416]
,[new Date(2016,12,19), 81,37497]
,[new Date(2016,12,20), 51,37548]
,[new Date(2016,12,21), 68,37616]
,[new Date(2016,12,22), 58,37674]
,[new Date(2016,12,23), 68,37742]
,[new Date(2016,12,24), 55,37797]
,[new Date(2016,12,25), 44,37841]
,[new Date(2016,12,26), 71,37912]
,[new Date(2016,12,27), 52,37964]
,[new Date(2016,12,28), 77,38041]
,[new Date(2016,12,29), 62,38103]
,[new Date(2016,12,30), 76,38179]
,[new Date(2016,12,31), 52,38231]
,[new Date(2017,01,01), 46,38277]
,[new Date(2017,01,02), 65,38342]
,[new Date(2017,01,03), 65,38407]
,[new Date(2017,01,04), 120,38527]
,[new Date(2017,01,05), 141,38668]
,[new Date(2017,01,06), 176,38844]
,[new Date(2017,01,07), 164,39008]
,[new Date(2017,01,08), 136,39144]
,[new Date(2017,01,09), 79,39223]
,[new Date(2017,01,10), 81,39304]
,[new Date(2017,01,11), 103,39407]
,[new Date(2017,01,12), 154,39561]
,[new Date(2017,01,13), 102,39663]
,[new Date(2017,01,14), 118,39781]
,[new Date(2017,01,15), 142,39923]
,[new Date(2017,01,16), 175,40098]
,[new Date(2017,01,17), 171,40269]
,[new Date(2017,01,18), 146,40415]
,[new Date(2017,01,19), 164,40579]
,[new Date(2017,01,20), 147,40726]
,[new Date(2017,01,21), 216,40942]
,[new Date(2017,01,22), 130,41072]
,[new Date(2017,01,23), 269,41341]
,[new Date(2017,01,24), 178,41519]
,[new Date(2017,01,25), 155,41674]
,[new Date(2017,01,26), 246,41920]
,[new Date(2017,01,27), 198,42118]
,[new Date(2017,01,28), 191,42309]
,[new Date(2017,02,01), 241,42550]
,[new Date(2017,02,02), 228,42778]
,[new Date(2017,02,03), 142,42920]
,[new Date(2017,02,04), 166,43086]
,[new Date(2017,02,05), 157,43243]
,[new Date(2017,02,06), 192,43435]
,[new Date(2017,02,07), 176,43611]
,[new Date(2017,02,08), 114,43725]
,[new Date(2017,02,09), 124,43849]
,[new Date(2017,02,10), 111,43960]
,[new Date(2017,02,11), 117,44077]
,[new Date(2017,02,12), 120,44197]
,[new Date(2017,02,13), 104,44301]
,[new Date(2017,02,14), 89,44390]
,[new Date(2017,02,15), 107,44497]
,[new Date(2017,02,16), 189,44686]
,[new Date(2017,02,17), 133,44819]
,[new Date(2017,02,18), 129,44948]
,[new Date(2017,02,19), 334,45282]
,[new Date(2017,02,20), 100,45382]
,[new Date(2017,02,21), 135,45517]
,[new Date(2017,02,22), 130,45647]
,[new Date(2017,02,23), 129,45776]
,[new Date(2017,02,24), 215,45991]
,[new Date(2017,02,25), 149,46140]
,[new Date(2017,02,26), 101,46241]
,[new Date(2017,02,27), 160,46401]
,[new Date(2017,02,28), 185,46586]
,[new Date(2017,03,01), 170,46756]
,[new Date(2017,03,02), 118,46874]
,[new Date(2017,03,03), 116,46990]
,[new Date(2017,03,01), 96,47086]
,[new Date(2017,03,02), 114,47200]
,[new Date(2017,03,03), 38,47238]
,[new Date(2017,03,04), 148,47386]
,[new Date(2017,03,05), 123,47509]
,[new Date(2017,03,06), 130,47639]
,[new Date(2017,03,07), 56,47695]
,[new Date(2017,03,08), 100,47795]
,[new Date(2017,03,09), 72,47867]
,[new Date(2017,03,10), 100,47967]
,[new Date(2017,03,11), 102,48069]
,[new Date(2017,03,12), 94,48163]
,[new Date(2017,03,13), 138,48301]
,[new Date(2017,03,14), 169,48470]
,[new Date(2017,03,15), 134,48604]
,[new Date(2017,03,16), 159,48763]
,[new Date(2017,03,17), 199,48962]
,[new Date(2017,03,18), 115,49077]
,[new Date(2017,03,19), 82,49159]
,[new Date(2017,03,20), 118,49277]
,[new Date(2017,03,21), 136,49413]
,[new Date(2017,03,22), 133,49546]
,[new Date(2017,03,23), 105,49651]
,[new Date(2017,03,24), 109,49760]
,[new Date(2017,03,25), 49,49809]
,[new Date(2017,03,26), 45,49854]
,[new Date(2017,03,27), 62,49916]
,[new Date(2017,03,28), 149,50065]
,[new Date(2017,03,29), 96,50161]
,[new Date(2017,03,30), 156,50317]
,[new Date(2017,04,01), 113,50430]
,[new Date(2017,04,02), 102,50532]
,[new Date(2017,04,03), 190,50722]
,[new Date(2017,04,04), 154,50876]
,[new Date(2017,04,05), 142,51018]
,[new Date(2017,04,06), 160,51178]
,[new Date(2017,04,07), 86,51264]
,[new Date(2017,04,08), 131,51395]
,[new Date(2017,04,09), 176,51571]
,[new Date(2017,04,10), 124,51695]
,[new Date(2017,04,11), 292,51987]
,[new Date(2017,04,12), 300,52287]
,[new Date(2017,04,13), 381,52668]
,[new Date(2017,04,14), 591,53259]
,[new Date(2017,04,15), 318,53577]
,[new Date(2017,04,16), 316,53893]
,[new Date(2017,04,17), 300,54193]
,[new Date(2017,04,18), 246,54439]
,[new Date(2017,04,19), 220,54659]
,[new Date(2017,04,20), 207,54866]
,[new Date(2017,04,21), 265,55131]
,[new Date(2017,04,22), 235,55366]
,[new Date(2017,04,23), 226,55592]
,[new Date(2017,04,24), 234,55826]
,[new Date(2017,04,25), 278,56104]
,[new Date(2017,04,26), 234,56338]
,[new Date(2017,04,27), 193,56531]
,[new Date(2017,04,28), 270,56801]
,[new Date(2017,04,29), 253,57054]
,[new Date(2017,04,30), 249,57303]
,[new Date(2017,05,01), 248,57551]
,[new Date(2017,05,01), 312,57863]
,[new Date(2017,05,02), 270,58133]
,[new Date(2017,05,03), 248,58381]
,[new Date(2017,05,04), 143,58524]
,[new Date(2017,05,05), 355,58879]
,[new Date(2017,05,06), 323,59202]
,[new Date(2017,05,07), 301,59503]
,[new Date(2017,05,08), 229,59732]
,[new Date(2017,05,09), 427,60159]
,[new Date(2017,05,10), 355,60514]
,[new Date(2017,05,11), 374,60888]
,[new Date(2017,05,12), 319,61207]
,[new Date(2017,05,13), 266,61473]
,[new Date(2017,05,14), 322,61795]
,[new Date(2017,05,15), 553,62348]
,[new Date(2017,05,16), 427,62775]
,[new Date(2017,05,17), 331,63106]
,[new Date(2017,05,18), 337,63443]
,[new Date(2017,05,19), 321,63764]
,[new Date(2017,05,20), 245,64009]
,[new Date(2017,05,21), 227,64236]
,[new Date(2017,05,22), 318,64554]
,[new Date(2017,05,23), 509,65063]
,[new Date(2017,05,24), 611,65674]
,[new Date(2017,05,25), 810,66484]
,[new Date(2017,05,26), 731,67215]
,[new Date(2017,05,27), 660,67875]
,[new Date(2017,05,28), 475,68350]
,[new Date(2017,05,29), 582,68932]
,[new Date(2017,05,30), 578,69510]
,[new Date(2017,06,01), 602,70112]
,[new Date(2017,06,02), 580,70692]
,[new Date(2017,06,03), 448,71140]
,[new Date(2017,06,04), 469,71609]
,[new Date(2017,06,05), 341,71950]
,[new Date(2017,06,06), 326,72276]
,[new Date(2017,06,07), 363,72639]
,[new Date(2017,06,08), 443,73082]
,[new Date(2017,06,09), 219,73301]
,[new Date(2017,06,10), 314,73615]
,[new Date(2017,06,11), 228,73843]
,[new Date(2017,06,12), 276,74119]
,[new Date(2017,06,13), 232,74351]
,[new Date(2017,06,14), 1757,76108]
,[new Date(2017,06,15), 278,76386]
,[new Date(2017,06,16), 273,76659]
,[new Date(2017,06,17), 224,76883]
,[new Date(2017,06,18), 246,77129]
,[new Date(2017,06,19), 201,77330]
,[new Date(2017,06,20), 23,77353]
,[new Date(2017,06,21), 42,77395]
,[new Date(2017,06,22), 25,77420]
,[new Date(2017,06,23), 9,77429]
,[new Date(2017,06,24), 16,77445]
,[new Date(2017,06,25), 32,77477]
,[new Date(2017,06,26), 77,77554]
,[new Date(2017,06,27), 67,77621]
,[new Date(2017,06,28), 68,77689]
,[new Date(2017,06,29), 65,77754]
,[new Date(2017,06,30), 52,77806]
,[new Date(2017,07,01), 56,77862]
,[new Date(2017,07,01), 55,77917]
,[new Date(2017,07,02), 67,77984]
,[new Date(2017,07,03), 76,78060]
,[new Date(2017,07,04), 94,78154]
,[new Date(2017,07,05), 70,78224]
,[new Date(2017,07,06), 55,78279]
,[new Date(2017,07,07), 76,78355]
,[new Date(2017,07,08), 66,78421]
,[new Date(2017,07,09), 127,78548]
,[new Date(2017,07,10), 113,78661]
,[new Date(2017,07,11), 89,78750]
,[new Date(2017,07,12), 100,78850]
,[new Date(2017,07,13), 90,78940]
,[new Date(2017,07,14), 82,79022]
,[new Date(2017,07,15), 81,79103]
,[new Date(2017,07,16), 113,79216]
,[new Date(2017,07,17), 84,79300]
,[new Date(2017,07,18), 81,79381]
,[new Date(2017,07,19), 68,79449]
,[new Date(2017,07,20), 89,79538]
,[new Date(2017,07,21), 87,79625]
,[new Date(2017,07,22), 91,79716]
,[new Date(2017,07,23), 94,79810]
,[new Date(2017,07,24), 78,79888]
,[new Date(2017,07,25), 88,79976]
,[new Date(2017,07,26), 72,80048]
,[new Date(2017,07,27), 74,80122]
,[new Date(2017,07,28), 81,80203]
,[new Date(2017,07,29), 88,80291]
,[new Date(2017,07,30), 86,80377]
,[new Date(2017,07,31), 81,80458]
,[new Date(2017,08,01), 97,80555]
,[new Date(2017,08,02), 97,80652]
,[new Date(2017,08,03), 132,80784]
,[new Date(2017,08,04), 179,80963]
,[new Date(2017,08,05), 114,81077]
,[new Date(2017,08,06), 100,81177]
,[new Date(2017,08,07), 94,81271]
,[new Date(2017,08,08), 118,81389]
,[new Date(2017,08,09), 82,81471]
,[new Date(2017,08,10), 125,81596]
,[new Date(2017,08,11), 195,81791]
,[new Date(2017,08,12), 134,81925]
,[new Date(2017,08,13), 94,82019]
,[new Date(2017,08,14), 87,82106]
,[new Date(2017,08,15), 83,82189]
,[new Date(2017,08,16), 80,82269]
,[new Date(2017,08,17), 74,82343]
,[new Date(2017,08,18), 78,82421]
,[new Date(2017,08,19), 81,82502]
,[new Date(2017,08,20), 61,82563]
,[new Date(2017,08,21), 74,82637]
,[new Date(2017,08,22), 110,82747]
,[new Date(2017,08,23), 85,82832]
,[new Date(2017,08,24), 77,82909]
,[new Date(2017,08,25), 80,82989]
,[new Date(2017,08,26), 57,83046]
,[new Date(2017,08,27), 71,83117]
,[new Date(2017,08,28), 54,83171]
,[new Date(2017,08,29), 69,83240]
,[new Date(2017,08,30), 57,83297]
,[new Date(2017,09,01), 74,83371]
,[new Date(2017,09,02), 84,83455]
,[new Date(2017,09,03), 56,83511]
,[new Date(2017,09,04), 50,83561]
,[new Date(2017,09,05), 52,83613]
,[new Date(2017,09,06), 50,83663]
,[new Date(2017,09,07), 50,83713]
,[new Date(2017,09,08), 55,83768]
,[new Date(2017,09,09), 43,83811]
,[new Date(2017,09,10), 59,83870]
,[new Date(2017,09,11), 61,83931]
,[new Date(2017,09,12), 58,83989]
,[new Date(2017,09,13), 47,84036]
,[new Date(2017,09,14), 34,84070]
,[new Date(2017,09,15), 43,84113]
,[new Date(2017,09,16), 34,84147]
,[new Date(2017,09,17), 73,84220]
,[new Date(2017,09,18), 48,84268]
,[new Date(2017,09,19), 37,84305]
,[new Date(2017,09,20), 55,84360]
,[new Date(2017,09,21), 50,84410]
,[new Date(2017,09,22), 38,84448]
,[new Date(2017,09,23), 41,84489]
,[new Date(2017,09,24), 56,84545]
,[new Date(2017,09,25), 61,84606]
,[new Date(2017,09,26), 56,84662]
,[new Date(2017,09,27), 62,84724]
,[new Date(2017,09,28), 42,84766]
,[new Date(2017,09,29), 66,84832]
,[new Date(2017,09,30), 44,84876]
,[new Date(2017,10,01), 47,84923]
,[new Date(2017,10,01), 47,84970]
,[new Date(2017,10,02), 34,85004]
,[new Date(2017,10,03), 43,85047]
,[new Date(2017,10,04), 65,85112]
,[new Date(2017,10,05), 52,85164]
,[new Date(2017,10,06), 61,85225]
,[new Date(2017,10,07), 73,85298]
,[new Date(2017,10,08), 70,85368]
,[new Date(2017,10,09), 46,85414]
,[new Date(2017,10,10), 50,85464]
,[new Date(2017,10,11), 48,85512]
,[new Date(2017,10,12), 68,85580]
,[new Date(2017,10,13), 45,85625]
,[new Date(2017,10,14), 41,85666]
,[new Date(2017,10,15), 60,85726]
,[new Date(2017,10,16), 67,85793]
,[new Date(2017,10,17), 47,85840]
,[new Date(2017,10,18), 48,85888]
,[new Date(2017,10,19), 76,85964]
,[new Date(2017,10,20), 67,86031]
,[new Date(2017,10,21), 68,86099]
,[new Date(2017,10,22), 98,86197]
,[new Date(2017,10,23), 303,86500]
,[new Date(2017,10,24), 63,86563]
,[new Date(2017,10,25), 56,86619]
,[new Date(2017,10,26), 55,86674]
,[new Date(2017,10,27), 58,86732]
,[new Date(2017,10,28), 45,86777]
,[new Date(2017,10,29), 69,86846]
,[new Date(2017,10,30), 54,86900]
,[new Date(2017,11,01), 71,86971]
,[new Date(2017,11,02), 64,87035]
,[new Date(2017,11,03), 60,87095]
,[new Date(2017,11,04), 78,87173]
,[new Date(2017,11,05), 121,87294]
,[new Date(2017,11,06), 67,87361]
,[new Date(2017,11,07), 116,87477]
,[new Date(2017,11,08), 110,87587]
,[new Date(2017,11,09), 89,87676]
,[new Date(2017,11,10), 151,87827]
,[new Date(2017,11,11), 159,87986]
,[new Date(2017,11,12), 90,88076]
,[new Date(2017,11,13), 82,88158]
,[new Date(2017,11,14), 91,88249]
,[new Date(2017,11,15), 89,88338]
,[new Date(2017,11,16), 169,88507]
,[new Date(2017,11,17), 218,88725]
,[new Date(2017,11,18), 115,88840]
,[new Date(2017,11,19), 142,88982]
,[new Date(2017,11,20), 209,89191]
,[new Date(2017,11,21), 256,89447]
,[new Date(2017,11,22), 251,89698]
,[new Date(2017,11,23), 485,90183]
,[new Date(2017,11,24), 367,90550]
,[new Date(2017,11,25), 245,90795]
,[new Date(2017,11,26), 297,91092]
,[new Date(2017,11,27), 305,91397]
,[new Date(2017,11,28), 296,91693]
,[new Date(2017,11,29), 293,91986]
,[new Date(2017,11,30), 215,92201]
,[new Date(2017,12,01), 197,92398]
,[new Date(2017,12,01), 230,92628]
,[new Date(2017,12,02), 233,92861]
,[new Date(2017,12,03), 259,93120]
,[new Date(2017,12,04), 336,93456]
,[new Date(2017,12,05), 331,93787]
,[new Date(2017,12,06), 487,94274]
,[new Date(2017,12,07), 402,94676]
,[new Date(2017,12,08), 399,95075]
,[new Date(2017,12,09), 387,95462]
,[new Date(2017,12,10), 386,95848]
,[new Date(2017,12,11), 393,96241]
,[new Date(2017,12,12), 306,96547]
,[new Date(2017,12,13), 333,96880]
,[new Date(2017,12,14), 360,97240]
,[new Date(2017,12,15), 408,97648]
,[new Date(2017,12,16), 253,97901]
,[new Date(2017,12,17), 274,98175]
,[new Date(2017,12,18), 242,98417]
,[new Date(2017,12,19), 216,98633]
,[new Date(2017,12,20), 258,98891]
,[new Date(2017,12,21), 234,99125]
,[new Date(2017,12,22), 223,99348]
,[new Date(2017,12,23), 251,99599]
,[new Date(2017,12,24), 212,99811]
,[new Date(2017,12,25), 235,100046]
,[new Date(2017,12,26), 230,100276]
,[new Date(2017,12,27), 244,100520]
,[new Date(2017,12,28), 270,100790]
,[new Date(2017,12,29), 218,101008]
,[new Date(2017,12,30), 253,101261]
,[new Date(2017,12,31), 219,101480]
,[new Date(2018,01,01), 288,101768]
,[new Date(2018,01,02), 222,101990]
,[new Date(2018,01,03), 190,102180]
,[new Date(2018,01,04), 224,102404]
,[new Date(2018,01,05), 225,102629]
,[new Date(2018,01,06), 158,102787]
,[new Date(2018,01,07), 175,102962]
,[new Date(2018,01,08), 177,103139]
,[new Date(2018,01,09), 188,103327]
,[new Date(2018,01,10), 142,103469]
,[new Date(2018,01,11), 164,103633]
,[new Date(2018,01,12), 140,103773]
,[new Date(2018,01,13), 115,103888]
,[new Date(2018,01,14), 165,104053]
,[new Date(2018,01,15), 100,104153]
,[new Date(2018,01,16), 119,104272]
,[new Date(2018,01,17), 190,104462]
,[new Date(2018,01,18), 147,104609]
,[new Date(2018,01,19), 140,104749]
,[new Date(2018,01,20), 160,104909]
,[new Date(2018,01,21), 150,105059]
,[new Date(2018,01,22), 154,105213]
,[new Date(2018,01,23), 126,105339]
,[new Date(2018,01,24), 121,105460]
,[new Date(2018,01,25), 128,105588]
,[new Date(2018,01,26), 105,105693]
,[new Date(2018,01,27), 179,105872]
,[new Date(2018,01,28), 125,105997]
,[new Date(2018,02,01), 142,106139]
,[new Date(2018,02,02), 116,106255]
,[new Date(2018,02,03), 113,106368]
,[new Date(2018,02,04), 116,106484]
,[new Date(2018,02,05), 112,106596]
,[new Date(2018,02,06), 107,106703]
,[new Date(2018,02,07), 104,106807]
,[new Date(2018,02,08), 105,106912]
,[new Date(2018,02,09), 98,107010]
,[new Date(2018,02,10), 87,107097]
,[new Date(2018,02,11), 94,107191]
,[new Date(2018,02,12), 60,107251]
,[new Date(2018,02,13), 76,107327]
,[new Date(2018,02,14), 114,107441]
,[new Date(2018,02,15), 41,107482]
,[new Date(2018,02,16), 74,107556]
,[new Date(2018,02,17), 78,107634]
,[new Date(2018,02,18), 62,107696]
,[new Date(2018,02,19), 68,107764]
,[new Date(2018,02,20), 80,107844]
,[new Date(2018,02,21), 91,107935]
,[new Date(2018,02,22), 66,108001]
,[new Date(2018,02,23), 66,108067]
,[new Date(2018,02,24), 40,108107]
,[new Date(2018,02,25), 45,108152]
,[new Date(2018,02,26), 52,108204]
,[new Date(2018,02,27), 33,108237]
,[new Date(2018,02,28), 72,108309]
,[new Date(2018,03,01), 102,108411]
,[new Date(2018,03,02), 81,108492]
,[new Date(2018,03,03), 75,108567]
,[new Date(2018,03,01), 136,108703]
,[new Date(2018,03,02), 103,108806]
,[new Date(2018,03,03), 133,108939]
,[new Date(2018,03,04), 107,109046]
,[new Date(2018,03,05), 118,109164]
,[new Date(2018,03,06), 96,109260]
,[new Date(2018,03,07), 102,109362]
,[new Date(2018,03,08), 63,109425]
,[new Date(2018,03,09), 103,109528]
,[new Date(2018,03,10), 94,109622]
,[new Date(2018,03,11), 128,109750]
,[new Date(2018,03,12), 93,109843]
,[new Date(2018,03,13), 123,109966]
,[new Date(2018,03,14), 80,110046]
,[new Date(2018,03,15), 68,110114]
,[new Date(2018,03,16), 81,110195]
,[new Date(2018,03,17), 47,110242]
,[new Date(2018,03,18), 51,110293]
,[new Date(2018,03,19), 70,110363]
,[new Date(2018,03,20), 53,110416]
,[new Date(2018,03,21), 50,110466]
,[new Date(2018,03,22), 46,110512]
,[new Date(2018,03,23), 60,110572]
,[new Date(2018,03,24), 59,110631]
,[new Date(2018,03,25), 51,110682]
,[new Date(2018,03,26), 43,110725]
,[new Date(2018,03,27), 53,110778]
,[new Date(2018,03,28), 35,110813]
,[new Date(2018,03,29), 45,110858]
,[new Date(2018,03,30), 49,110907]
,[new Date(2018,04,01), 76,110983]
,[new Date(2018,04,02), 92,111075]
,[new Date(2018,04,03), 49,111124]
,[new Date(2018,04,04), 39,111163]
,[new Date(2018,04,05), 46,111209]
,[new Date(2018,04,06), 33,111242]
,[new Date(2018,04,07), 48,111290]
,[new Date(2018,04,08), 50,111340]
,[new Date(2018,04,09), 37,111377]
,[new Date(2018,04,10), 54,111431]
,[new Date(2018,04,11), 24,111455]
,[new Date(2018,04,12), 34,111489]
,[new Date(2018,04,13), 35,111524]
,[new Date(2018,04,14), 38,111562]
,[new Date(2018,04,15), 53,111615]
,[new Date(2018,04,16), 32,111647]
,[new Date(2018,04,17), 31,111678]
,[new Date(2018,04,18), 35,111713]
,[new Date(2018,04,19), 20,111733]
,[new Date(2018,04,20), 44,111777]
,[new Date(2018,04,21), 38,111815]
,[new Date(2018,04,22), 37,111852]
,[new Date(2018,04,23), 26,111878]
,[new Date(2018,04,24), 43,111921]
,[new Date(2018,04,25), 31,111952]
,[new Date(2018,04,26), 29,111981]
,[new Date(2018,04,27), 32,112013]
,[new Date(2018,04,28), 37,112050]
,[new Date(2018,04,29), 35,112085]
,[new Date(2018,04,30), 35,112120]
,[new Date(2018,05,01), 38,112158]
,[new Date(2018,05,01), 32,112190]
,[new Date(2018,05,02), 38,112228]
,[new Date(2018,05,03), 34,112262]
,[new Date(2018,05,04), 45,112307]
,[new Date(2018,05,05), 38,112345]
,[new Date(2018,05,06), 32,112377]
,[new Date(2018,05,07), 39,112416]
,[new Date(2018,05,08), 29,112445]
,[new Date(2018,05,09), 34,112479]
,[new Date(2018,05,10), 48,112527]
,[new Date(2018,05,11), 29,112556]
,[new Date(2018,05,12), 28,112584]
,[new Date(2018,05,13), 25,112609]
,[new Date(2018,05,14), 132,112741]
,[new Date(2018,05,15), 318,113059]
,[new Date(2018,05,16), 15,113074]
,[new Date(2018,05,17), 30,113104]
,[new Date(2018,05,18), 27,113131]
,[new Date(2018,05,19), 22,113153]
,[new Date(2018,05,20), 23,113176]
,[new Date(2018,05,21), 31,113207]
,[new Date(2018,05,22), 31,113238]
,[new Date(2018,05,23), 27,113265]
,[new Date(2018,05,24), 32,113297]
,[new Date(2018,05,25), 26,113323]
,[new Date(2018,05,26), 27,113350]
,[new Date(2018,05,27), 30,113380]
,[new Date(2018,05,28), 23,113403]
,[new Date(2018,05,29), 17,113420]
,[new Date(2018,05,30), 24,113444]
,[new Date(2018,06,01), 17,113461]
,[new Date(2018,06,02), 26,113487]
,[new Date(2018,06,03), 25,113512]
,[new Date(2018,06,04), 30,113542]
,[new Date(2018,06,05), 14,113556]
,[new Date(2018,06,06), 25,113581]
,[new Date(2018,06,07), 21,113602]
,[new Date(2018,06,08), 20,113622]
,[new Date(2018,06,09), 168,113790]
,[new Date(2018,06,10), 23,113813]
,[new Date(2018,06,11), 20,113833]
,[new Date(2018,06,12), 45,113878]
,[new Date(2018,06,13), 81,113959]
,[new Date(2018,06,14), 29,113988]
,[new Date(2018,06,15), 43,114031]
,[new Date(2018,06,16), 42,114073]
,[new Date(2018,06,17), 19,114092]
,[new Date(2018,06,18), 20,114112]
,[new Date(2018,06,19), 28,114140]
,[new Date(2018,06,20), 12,114152]
,[new Date(2018,06,21), 21,114173]
,[new Date(2018,06,22), 40,114213]
,[new Date(2018,06,23), 33,114246]
,[new Date(2018,06,24), 34,114280]
,[new Date(2018,06,25), 21,114301]
,[new Date(2018,06,26), 29,114330]
,[new Date(2018,06,27), 17,114347]
,[new Date(2018,06,28), 18,114365]
,[new Date(2018,06,29), 15,114380]
,[new Date(2018,06,30), 20,114400]
,[new Date(2018,07,01), 12,114412]
,[new Date(2018,07,01), 15,114427]
,[new Date(2018,07,02), 22,114449]
,[new Date(2018,07,03), 20,114469]
,[new Date(2018,07,04), 20,114489]
,[new Date(2018,07,05), 9,114498]
,[new Date(2018,07,06), 23,114521]
,[new Date(2018,07,07), 41,114562]
,[new Date(2018,07,08), 16,114578]
,[new Date(2018,07,09), 16,114594]
,[new Date(2018,07,10), 19,114613]
,[new Date(2018,07,11), 21,114634]
,[new Date(2018,07,12), 31,114665]
,[new Date(2018,07,13), 12,114677]
,[new Date(2018,07,14), 20,114697]
,[new Date(2018,07,15), 13,114710]
,[new Date(2018,07,16), 24,114734]
,[new Date(2018,07,17), 20,114754]
,[new Date(2018,07,18), 16,114770]
,[new Date(2018,07,19), 22,114792]
,[new Date(2018,07,20), 33,114825]
,[new Date(2018,07,21), 21,114846]
,[new Date(2018,07,22), 20,114866]
,[new Date(2018,07,23), 30,114896]
,[new Date(2018,07,24), 22,114918]
,[new Date(2018,07,25), 10,114928]
,[new Date(2018,07,26), 23,114951]
,[new Date(2018,07,27), 29,114980]
,[new Date(2018,07,28), 67,115047]
,[new Date(2018,07,29), 59,115106]
,[new Date(2018,07,30), 32,115138]
,[new Date(2018,07,31), 32,115170]
,[new Date(2018,08,01), 23,115193]
,[new Date(2018,08,02), 34,115227]
,[new Date(2018,08,03), 44,115271]
,[new Date(2018,08,04), 40,115311]
,[new Date(2018,08,05), 52,115363]
,[new Date(2018,08,06), 34,115397]
,[new Date(2018,08,07), 38,115435]
,[new Date(2018,08,08), 25,115460]
,[new Date(2018,08,09), 30,115490]
,[new Date(2018,08,10), 12,115502]
,[new Date(2018,08,11), 17,115519]
,[new Date(2018,08,12), 45,115564]
,[new Date(2018,08,13), 11,115575]
,[new Date(2018,08,14), 11,115586]
,[new Date(2018,08,15), 11,115597]
,[new Date(2018,08,16), 10,115607]
,[new Date(2018,08,17), 9,115616]
,[new Date(2018,08,18), 15,115631]
,[new Date(2018,08,19), 32,115663]
,[new Date(2018,08,20), 16,115679]
,[new Date(2018,08,21), 11,115690]
,[new Date(2018,08,22), 19,115709]
,[new Date(2018,08,23), 10,115719]
,[new Date(2018,08,24), 15,115734]
,[new Date(2018,08,25), 13,115747]
,[new Date(2018,08,26), 32,115779]
,[new Date(2018,08,27), 13,115792]
,[new Date(2018,08,28), 19,115811]
,[new Date(2018,08,29), 8,115819]
,[new Date(2018,08,30), 20,115839]
,[new Date(2018,09,01), 20,115859]
,[new Date(2018,09,02), 666,116525]
,[new Date(2018,09,03), 434,116959]
,[new Date(2018,09,04), 44,117003]
,[new Date(2018,09,05), 39,117042]
,[new Date(2018,09,06), 69,117111]
,[new Date(2018,09,07), 25,117136]
,[new Date(2018,09,08), 42,117178]
,[new Date(2018,09,09), 52,117230]
,[new Date(2018,09,10), 61,117291]
,[new Date(2018,09,11), 54,117345]
,[new Date(2018,09,12), 63,117408]
,[new Date(2018,09,13), 44,117452]
,[new Date(2018,09,14), 56,117508]
,[new Date(2018,09,15), 56,117564]
,[new Date(2018,09,16), 63,117627]
,[new Date(2018,09,17), 63,117690]
,[new Date(2018,09,18), 54,117744]
,[new Date(2018,09,19), 52,117796]
,[new Date(2018,09,20), 48,117844]
,[new Date(2018,09,21), 44,117888]
,[new Date(2018,09,22), 53,117941]
,[new Date(2018,09,23), 60,118001]
,[new Date(2018,09,24), 56,118057]
,[new Date(2018,09,25), 32,118089]
,[new Date(2018,09,26), 31,118120]
,[new Date(2018,09,27), 66,118186]
,[new Date(2018,09,28), 53,118239]
,[new Date(2018,09,29), 33,118272]
,[new Date(2018,09,30), 45,118317]
,[new Date(2018,10,01), 58,118375]
,[new Date(2018,10,01), 43,118418]
,[new Date(2018,10,02), 63,118481]
,[new Date(2018,10,03), 53,118534]
,[new Date(2018,10,04), 62,118596]
,[new Date(2018,10,05), 72,118668]
,[new Date(2018,10,06), 72,118740]
,[new Date(2018,10,07), 71,118811]
,[new Date(2018,10,08), 62,118873]
,[new Date(2018,10,09), 61,118934]
,[new Date(2018,10,10), 56,118990]
,[new Date(2018,10,11), 50,119040]
,[new Date(2018,10,12), 64,119104]
,[new Date(2018,10,13), 47,119151]
,[new Date(2018,10,14), 56,119207]
,[new Date(2018,10,15), 51,119258]
,[new Date(2018,10,16), 40,119298]
,[new Date(2018,10,17), 58,119356]
,[new Date(2018,10,18), 12,119368]
,[new Date(2018,10,19), 16,119384]
,[new Date(2018,10,20), 11,119395]
,[new Date(2018,10,21), 22,119417]
,[new Date(2018,10,22), 6,119423]
,[new Date(2018,10,23), 35,119458]
,[new Date(2018,10,24), 36,119494]
,[new Date(2018,10,25), 48,119542]
,[new Date(2018,10,26), 33,119575]
,[new Date(2018,10,27), 33,119608]
,[new Date(2018,10,28), 38,119646]
,[new Date(2018,10,29), 37,119683]
,[new Date(2018,10,30), 46,119729]
,[new Date(2018,11,01), 41,119770]
,[new Date(2018,11,02), 26,119796]
,[new Date(2018,11,03), 22,119818]
,[new Date(2018,11,04), 20,119838]
,[new Date(2018,11,05), 50,119888]
,[new Date(2018,11,06), 32,119920]
,[new Date(2018,11,07), 34,119954]
,[new Date(2018,11,08), 38,119992]
,[new Date(2018,11,09), 18,120010]
,[new Date(2018,11,10), 45,120055]
,[new Date(2018,11,11), 47,120102]
,[new Date(2018,11,12), 36,120138]
,[new Date(2018,11,13), 40,120178]
,[new Date(2018,11,14), 1077,121255]
,[new Date(2018,11,15), 34,121289]
,[new Date(2018,11,16), 55,121344]
,[new Date(2018,11,17), 27,121371]
,[new Date(2018,11,18), 37,121408]
,[new Date(2018,11,19), 43,121451]
,[new Date(2018,11,20), 81,121532]
,[new Date(2018,11,21), 14,121546]
,[new Date(2018,11,22), 32,121578]
,[new Date(2018,11,23), 17,121595]
,[new Date(2018,11,24), 7,121602]
,[new Date(2018,11,25), 9,121611]
,[new Date(2018,11,26), 17,121628]
,[new Date(2018,11,27), 11,121639]
,[new Date(2018,11,28), 21,121660]
,[new Date(2018,11,29), 26,121686]
,[new Date(2018,11,30), 11,121697]
,[new Date(2018,12,01), 11,121708]
,[new Date(2018,12,01), 13,121721]
,[new Date(2018,12,02), 22,121743]
,[new Date(2018,12,03), 19,121762]
,[new Date(2018,12,04), 39,121801]
,[new Date(2018,12,05), 26,121827]
,[new Date(2018,12,06), 23,121850]
,[new Date(2018,12,07), 23,121873]
,[new Date(2018,12,08), 20,121893]
,[new Date(2018,12,09), 12,121905]
,[new Date(2018,12,10), 50,121955]
,[new Date(2018,12,11), 79,122034]
,[new Date(2018,12,12), 96,122130]
,[new Date(2018,12,13), 12,122142]
,[new Date(2018,12,14), 10,122152]
,[new Date(2018,12,15), 8,122160]
,[new Date(2018,12,16), 8,122168]
,[new Date(2018,12,17), 7,122175]
,[new Date(2018,12,18), 21,122196]
,[new Date(2018,12,19), 10,122206]
,[new Date(2018,12,20), 4,122210]
,[new Date(2018,12,21), 11,122221]
,[new Date(2018,12,22), 7,122228]
,[new Date(2018,12,23), 4,122232]
,[new Date(2018,12,24), 6,122238]
,[new Date(2018,12,25), 5,122243]
,[new Date(2018,12,26), 2,122245]
,[new Date(2018,12,27), 8,122253]
,[new Date(2018,12,28), 8,122261]
,[new Date(2018,12,29), 8,122269]
,[new Date(2018,12,30), 10,122279]
,[new Date(2018,12,31), 6,122285]
,[new Date(2019,01,01), 10,122295]
,[new Date(2019,01,02), 4,122299]
,[new Date(2019,01,03), 6,122305]
,[new Date(2019,01,04), 21,122326]
,[new Date(2019,01,05), 14,122340]
,[new Date(2019,01,06), 6,122346]
,[new Date(2019,01,07), 4,122350]
,[new Date(2019,01,08), 7,122357]
,[new Date(2019,01,09), 6,122363]
,[new Date(2019,01,10), 3,122366]
,[new Date(2019,01,11), 12,122378]
,[new Date(2019,01,12), 6,122384]
,[new Date(2019,01,13), 9,122393]
,[new Date(2019,01,14), 6,122399]
,[new Date(2019,01,15), 4,122403]
,[new Date(2019,01,16), 15,122418]
,[new Date(2019,01,17), 11,122429]
,[new Date(2019,01,18), 7,122436]
,[new Date(2019,01,19), 13,122449]
,[new Date(2019,01,20), 6,122455]
,[new Date(2019,01,21), 5,122460]
,[new Date(2019,01,22), 79,122539]
,[new Date(2019,01,23), 5,122544]
,[new Date(2019,01,24), 9,122553]
,[new Date(2019,01,25), 4,122557]
,[new Date(2019,01,26), 8,122565]
,[new Date(2019,01,27), 5,122570]
,[new Date(2019,01,28), 10,122580]
,[new Date(2019,02,01), 3,122583]
,[new Date(2019,02,02), 11,122594]
,[new Date(2019,02,03), 9,122603]
,[new Date(2019,02,04), 8,122611]
,[new Date(2019,02,05), 15,122626]
,[new Date(2019,02,06), 17,122643]
,[new Date(2019,02,07), 7,122650]
,[new Date(2019,02,08), 9,122659]
,[new Date(2019,02,09), 8,122667]
,[new Date(2019,02,10), 10,122677]
,[new Date(2019,02,11), 22,122699]
,[new Date(2019,02,12), 11,122710]
,[new Date(2019,02,13), 10,122720]
,[new Date(2019,02,14), 15,122735]
,[new Date(2019,02,15), 14,122749]
,[new Date(2019,02,16), 15,122764]
,[new Date(2019,02,17), 17,122781]
,[new Date(2019,02,18), 11,122792]
,[new Date(2019,02,19), 13,122805]
,[new Date(2019,02,20), 23,122828]
,[new Date(2019,02,21), 17,122845]
,[new Date(2019,02,22), 14,122859]
,[new Date(2019,02,23), 14,122873]
,[new Date(2019,02,24), 17,122890]
,[new Date(2019,02,25), 9,122899]
,[new Date(2019,02,26), 6,122905]
,[new Date(2019,02,27), 13,122918]
,[new Date(2019,02,28), 14,122932]
,[new Date(2019,03,01), 8,122940]
,[new Date(2019,03,02), 16,122956]
,[new Date(2019,03,03), 25,122981]
,[new Date(2019,03,01), 4,122985]
,[new Date(2019,03,02), 11,122996]
,[new Date(2019,03,03), 15,123011]
,[new Date(2019,03,04), 11,123022]
,[new Date(2019,03,05), 11,123033]
,[new Date(2019,03,06), 10,123043]
,[new Date(2019,03,07), 13,123056]
,[new Date(2019,03,08), 11,123067]
,[new Date(2019,03,09), 17,123084]
,[new Date(2019,03,10), 11,123095]
,[new Date(2019,03,11), 16,123111]
,[new Date(2019,03,12), 10,123121]
,[new Date(2019,03,13), 5,123126]
,[new Date(2019,03,14), 7,123133]
,[new Date(2019,03,15), 14,123147]
,[new Date(2019,03,16), 19,123166]
,[new Date(2019,03,17), 20,123186]
,[new Date(2019,03,18), 5,123191]
,[new Date(2019,03,19), 11,123202]
,[new Date(2019,03,20), 18,123220]
,[new Date(2019,03,21), 14,123234]
,[new Date(2019,03,22), 15,123249]
,[new Date(2019,03,23), 11,123260]
,[new Date(2019,03,24), 18,123278]
,[new Date(2019,03,25), 34,123312]
,[new Date(2019,03,26), 15,123327]
,[new Date(2019,03,27), 15,123342]
